The run time is: 0.076000s
704455717
704881329
704601717
704234808
698785748
704707321
704947403
704941232
704703669
704854910
701212486
704743036
704243632
702919012
704544456
704906089
704940694
704387135
702456830
704967897
700836115
703936094
704639405
704936092
704868650
703562484
704972692
704824013
703631928
704906676
702827794
704948902
704855782
704923738
704833905
703118875
704969869
703449694
704112019
704817740
703400948
704937623
704982515
704878639
704380642
704872991
704934494
704282453
704972945
704638802
703901604
704863465
704706867
704916048
703588643
704967848
703824320
704948215
704705716
704964710
704831353
704744330
704957425
704967485
704775540
704148028
701839980
704868485
704858385
704459813
704927145
704783797
702204623
704624965
704827985
703512267
704172837
704722906
704900158
704110588
704835278
704527807
704944921
704537038
704742924
704790440
704963421
704614657
704840950
704483707
704485659
704823786
704903745
704700876
704981077
704036133
704863806
704803902
704912019
704921433
The run time is: 7.265000s
