300
232 94 119 850
472 245 102 906
485 186 693 346
465 367 250 455
732 940 889 759
904 202 357 219
294 801 173 877
40 525 216 54
929 70 745 59
818 200 342 649
599 927 589 118
305 831 456 962
709 996 444 839
133 877 580 133
533 551 195 49
584 167 938 638
36 511 278 564
852 989 637 168
173 144 331 149
227 109 680 370
292 713 717 795
477 656 223 980
92 605 138 963
158 954 777 998
289 938 885 125
253 606 973 9
999 581 805 965
446 815 106 316
289 20 44 507
880 896 629 385
523 802 745 884
160 486 966 701
641 223 839 815
996 545 819 411
621 638 75 336
473 767 940 370
28 501 938 472
886 928 702 434
826 32 97 619
519 562 225 11
954 126 587 249
659 271 210 7
495 298 310 877
958 515 185 723
214 556 14 193
568 350 299 610
217 909 753 824
299 256 297 889
845 759 449 355
649 520 664 124
829 434 854 981
844 883 95 31
605 776 65 255
668 268 372 86
128 563 610 932
629 142 951 454
146 353 923 373
438 459 725 554
279 271 226 655
675 665 951 415
338 802 523 552
692 520 360 200
903 312 972 918
467 229 978 755
370 261 911 88
866 834 266 713
949 150 283 379
595 155 824 386
70 162 227 526
278 147 728 519
174 292 318 838
839 333 963 766
779 955 653 827
605 819 111 482
391 74 592 481
812 387 274 616
135 40 658 161
132 228 731 699
717 297 768 61
672 470 978 393
551 27 870 999
159 863 643 900
678 90 826 602
366 895 655 10
855 668 935 983
788 581 114 933
61 701 315 962
653 695 654 3
845 653 618 787
96 614 271 471
792 901 65 157
433 952 109 863
461 470 587 138
384 756 413 268
180 538 127 765
608 729 880 357
36 432 128 223
353 528 426 324
166 100 796 411
950 333 268 167
472 917 317 9
887 274 723 448
268 654 11 471
656 868 799 910
486 549 41 347
696 261 29 586
753 95 147 634
755 248 325 75
554 138 166 61
97 695 92 914
963 322 184 927
821 608 116 278
698 540 100 280
190 436 95 241
416 718 655 180
985 479 960 434
122 149 886 69
878 779 666 33
123 629 966 989
119 413 22 542
464 829 762 453
36 486 593 274
234 617 496 945
609 11 412 788
272 14 332 585
998 790 538 333
819 321 156 593
238 555 270 173
720 728 818 74
496 43 283 292
273 327 253 903
961 332 409 73
316 989 769 9
217 495 903 271
338 724 122 220
394 737 99 107
154 365 5 664
436 243 484 599
44 505 151 40
443 898 473 690
318 377 636 750
967 399 903 766
418 823 409 661
403 936 542 440
670 523 699 822
14 190 4 428
506 927 54 188
54 669 145 198
254 675 478 63
976 742 778 898
10 954 505 253
449 864 423 197
84 107 147 924
528 259 909 242
837 489 233 953
857 876 996 86
84 427 782 213
36 268 721 908
282 269 465 642
12 969 285 329
500 605 773 427
569 563 356 825
964 439 368 25
518 952 616 768
448 601 141 78
75 457 19 730
850 880 58 790
404 971 1 253
398 161 642 561
97 182 692 265
959 144 780 635
532 601 85 127
507 213 91 781
318 756 914 766
314 946 924 433
842 21 930 7
779 734 226 409
904 4 355 971
414 93 429 560
763 495 580 432
99 238 271 287
587 423 203 272
954 516 342 922
532 80 225 97
321 710 101 288
77 813 273 350
834 895 682 887
835 578 997 885
745 934 497 110
540 376 481 503
34 758 0 81
820 540 293 955
457 823 321 136
842 968 631 739
705 43 316 16
276 993 487 381
718 979 994 305
199 576 825 107
34 960 763 350
648 601 103 707
532 626 745 664
487 31 173 96
500 852 978 123
446 925 299 512
736 638 90 240
886 718 342 660
115 762 367 714
258 895 111 107
872 631 475 129
130 64 666 615
603 289 725 1
233 526 632 263
737 62 56 827
751 468 694 203
419 691 419 699
256 325 796 139
23 629 183 865
724 100 366 416
151 441 789 681
429 916 247 81
104 525 805 827
548 760 33 399
307 628 472 380
84 301 430 945
208 70 487 754
589 210 91 9
958 981 273 276
890 255 927 806
436 113 121 240
396 35 304 144
820 805 949 138
477 429 542 367
170 288 640 988
109 436 911 604
594 237 153 976
537 670 713 974
551 875 963 680
711 165 707 727
516 878 683 439
75 358 220 636
799 436 773 302
733 784 922 641
537 889 886 215
656 27 669 354
248 139 931 773
741 62 233 899
101 319 913 290
46 935 504 217
734 90 955 976
507 536 245 646
21 969 728 809
833 924 650 33
239 657 266 454
334 374 899 572
30 719 520 708
694 282 296 197
831 874 365 138
617 705 255 149
957 396 414 812
18 2 536 404
452 997 848 740
938 484 208 355
206 560 256 92
83 253 687 128
626 603 353 157
237 814 657 70
240 675 785 362
997 101 697 178
335 150 500 189
65 281 761 479
751 672 584 314
949 441 627 490
639 911 679 16
217 582 875 791
448 502 321 907
384 796 826 67
248 694 919 908
827 853 341 176
232 8 537 630
556 174 484 692
838 316 208 707
700 768 356 90
908 85 445 437
397 169 574 175
231 323 904 310
400 96 61 70
201 407 858 305
536 284 260 69
407 691 748 70
661 102 877 438
396 592 453 26
547 802 451 71
380 853 736 125
96 106 57 250
890 295 396 146
354 107 672 118
747 796 978 722
678 582 397 236
368 774 514 985
714 16 153 714
