1
2261 2261 1630
1 2 22
2 3 16
3 4 4
4 5 23
4 6 38
5 7 7
1 8 8
8 9 16
2 10 18
10 11 1
11 12 6
10 13 17
10 14 47
6 15 20
6 16 29
1 17 19
16 18 42
16 19 49
3 20 26
5 21 44
4 22 22
7 23 30
8 24 43
17 25 44
21 26 6
14 27 18
10 28 35
11 29 30
13 30 10
24 31 20
4 32 22
32 33 21
32 34 8
33 35 23
34 36 5
7 37 36
29 38 45
1 39 47
4 40 39
22 41 29
31 42 7
5 43 36
16 44 41
23 45 20
16 46 0
9 47 12
7 48 43
45 49 7
30 50 0
16 51 34
28 52 23
31 53 10
46 54 39
44 55 24
29 56 31
52 57 43
32 58 21
22 59 5
50 60 10
4 61 16
53 62 44
58 63 1
8 64 23
62 65 49
37 66 45
57 67 47
51 68 20
34 69 22
40 70 24
7 71 35
13 72 18
65 73 0
26 74 15
67 75 20
35 76 32
55 77 40
7 78 10
73 79 9
55 80 41
39 81 23
76 82 28
14 83 44
71 84 19
49 85 27
77 86 17
40 87 24
55 88 37
56 89 5
66 90 24
38 91 12
22 92 28
71 93 16
77 94 10
21 95 11
38 96 33
94 97 12
81 98 18
70 99 37
89 100 41
25 101 2
29 102 0
64 103 49
18 104 3
80 105 45
21 106 24
90 107 31
93 108 4
7 109 43
58 110 15
58 111 44
10 112 0
40 113 15
62 114 29
96 115 43
9 116 1
71 117 27
30 118 28
17 119 13
87 120 26
21 121 8
103 122 49
86 123 26
77 124 32
120 125 17
29 126 3
11 127 22
43 128 48
9 129 12
38 130 37
94 131 36
74 132 35
87 133 32
10 134 39
70 135 40
23 136 33
124 137 8
4 138 2
56 139 22
109 140 11
26 141 22
2 142 19
116 143 42
118 144 39
87 145 21
140 146 27
83 147 3
19 148 18
48 149 5
57 150 10
112 151 44
119 152 40
42 153 48
14 154 33
72 155 46
115 156 5
118 157 7
87 158 40
74 159 9
158 160 27
103 161 33
59 162 8
75 163 41
136 164 35
45 165 12
48 166 23
78 167 1
10 168 39
92 169 19
108 170 39
87 171 33
152 172 4
21 173 23
116 174 49
116 175 16
58 176 4
77 177 3
71 178 17
154 179 29
37 180 48
140 181 20
71 182 7
92 183 16
118 184 2
144 185 21
5 186 35
45 187 26
159 188 27
9 189 5
93 190 21
186 191 25
8 192 24
31 193 38
23 194 44
176 195 44
171 196 28
50 197 44
98 198 39
27 199 32
38 200 15
185 201 4
31 202 42
67 203 13
142 204 10
123 205 3
26 206 33
197 207 7
204 208 22
33 209 45
42 210 29
179 211 28
15 212 11
168 213 48
77 214 15
45 215 12
207 216 9
190 217 37
81 218 46
64 219 25
45 220 6
27 221 11
73 222 38
122 223 11
164 224 20
58 225 27
15 226 25
119 227 38
108 228 34
167 229 15
104 230 25
83 231 36
87 232 0
139 233 43
9 234 24
203 235 37
180 236 49
166 237 6
44 238 19
119 239 9
89 240 30
60 241 10
197 242 11
89 243 4
11 244 42
4 245 48
152 246 35
87 247 11
158 248 7
125 249 7
86 250 13
83 251 45
151 252 29
37 253 9
197 254 12
14 255 36
185 256 42
191 257 27
224 258 20
175 259 28
222 260 19
247 261 21
24 262 25
86 263 15
181 264 43
185 265 9
156 266 33
127 267 34
19 268 23
34 269 7
191 270 42
183 271 27
189 272 42
166 273 44
272 274 36
98 275 41
212 276 34
239 277 12
67 278 32
160 279 30
1 280 33
28 281 3
66 282 36
211 283 13
24 284 9
90 285 13
61 286 9
262 287 21
117 288 9
151 289 5
264 290 19
273 291 41
11 292 6
107 293 45
239 294 17
159 295 37
68 296 6
52 297 44
22 298 3
199 299 9
35 300 45
264 301 12
290 302 41
213 303 35
88 304 3
214 305 43
286 306 8
270 307 12
283 308 45
110 309 13
108 310 16
234 311 28
181 312 23
268 313 0
279 314 19
156 315 47
122 316 25
296 317 39
51 318 7
112 319 33
274 320 3
169 321 17
8 322 44
63 323 30
131 324 34
231 325 3
115 326 34
279 327 49
227 328 27
35 329 4
94 330 40
295 331 8
232 332 18
300 333 44
313 334 24
307 335 39
52 336 0
165 337 17
124 338 20
311 339 31
176 340 8
156 341 5
225 342 27
272 343 3
101 344 36
341 345 23
306 346 34
82 347 34
288 348 10
219 349 33
190 350 25
310 351 23
240 352 36
62 353 44
31 354 24
313 355 2
299 356 17
178 357 24
337 358 27
148 359 4
76 360 7
351 361 13
187 362 49
179 363 32
77 364 29
225 365 7
118 366 1
129 367 44
142 368 15
154 369 26
100 370 36
63 371 35
325 372 36
366 373 25
90 374 10
317 375 28
250 376 31
190 377 26
237 378 6
175 379 23
231 380 30
44 381 25
241 382 1
136 383 25
91 384 30
286 385 27
363 386 23
302 387 8
254 388 16
185 389 36
153 390 2
45 391 26
362 392 43
247 393 9
16 394 42
377 395 7
199 396 22
184 397 38
111 398 38
277 399 1
170 400 10
206 401 12
388 402 20
38 403 1
181 404 3
15 405 30
325 406 47
29 407 0
226 408 8
152 409 13
227 410 30
123 411 3
194 412 47
351 413 44
23 414 42
124 415 36
216 416 35
16 417 41
383 418 40
357 419 4
65 420 0
403 421 19
377 422 17
114 423 18
10 424 10
404 425 44
194 426 17
121 427 34
77 428 23
324 429 39
345 430 35
37 431 14
301 432 24
328 433 49
65 434 7
326 435 0
189 436 12
240 437 36
193 438 8
103 439 22
50 440 48
370 441 21
211 442 40
197 443 35
238 444 48
19 445 14
17 446 42
184 447 2
404 448 45
348 449 43
390 450 31
198 451 5
116 452 3
369 453 48
54 454 0
213 455 34
49 456 39
334 457 38
252 458 7
38 459 37
136 460 2
358 461 29
182 462 11
87 463 15
14 464 42
81 465 11
439 466 21
302 467 39
383 468 24
53 469 29
223 470 10
265 471 25
218 472 24
453 473 33
354 474 20
325 475 25
57 476 0
328 477 46
167 478 15
42 479 25
164 480 49
43 481 39
333 482 16
440 483 15
423 484 20
22 485 14
309 486 48
146 487 28
134 488 46
396 489 11
459 490 48
80 491 49
300 492 19
410 493 8
82 494 7
242 495 9
308 496 40
385 497 36
235 498 18
224 499 37
117 500 15
81 501 8
52 502 15
173 503 7
181 504 4
312 505 21
327 506 25
242 507 12
351 508 13
96 509 49
184 510 44
18 511 28
481 512 18
421 513 18
285 514 26
49 515 46
156 516 22
235 517 45
94 518 13
43 519 17
311 520 5
294 521 12
521 522 29
210 523 7
196 524 2
39 525 10
397 526 33
322 527 40
376 528 11
175 529 31
396 530 11
285 531 49
522 532 22
249 533 7
152 534 47
489 535 13
260 536 36
428 537 0
48 538 13
317 539 0
333 540 44
124 541 13
429 542 49
493 543 44
328 544 11
146 545 16
413 546 37
309 547 1
255 548 27
283 549 46
545 550 31
512 551 49
251 552 21
518 553 41
113 554 45
552 555 25
292 556 5
129 557 31
123 558 37
496 559 27
90 560 22
243 561 28
174 562 47
38 563 43
205 564 26
512 565 21
257 566 39
479 567 25
294 568 31
529 569 36
71 570 46
364 571 29
69 572 26
567 573 44
344 574 2
435 575 45
104 576 36
568 577 5
480 578 1
468 579 23
288 580 45
163 581 7
63 582 11
179 583 46
394 584 5
217 585 30
183 586 9
505 587 22
401 588 22
462 589 37
479 590 32
381 591 13
75 592 4
502 593 16
345 594 45
33 595 38
501 596 1
291 597 18
227 598 7
340 599 2
406 600 6
190 601 9
485 602 22
73 603 48
485 604 39
151 605 47
35 606 48
360 607 10
463 608 14
98 609 17
379 610 1
220 611 46
399 612 19
71 613 48
307 614 12
522 615 34
245 616 35
298 617 43
119 618 3
156 619 42
237 620 1
79 621 25
163 622 8
355 623 15
67 624 29
320 625 30
375 626 6
612 627 47
17 628 21
617 629 25
111 630 4
192 631 24
291 632 28
427 633 17
318 634 6
426 635 14
389 636 24
388 637 43
414 638 14
356 639 27
219 640 7
598 641 6
366 642 13
205 643 44
461 644 32
178 645 9
377 646 30
82 647 14
342 648 48
431 649 26
366 650 43
51 651 4
481 652 44
43 653 36
350 654 35
252 655 6
236 656 35
136 657 21
156 658 9
204 659 23
464 660 49
75 661 36
41 662 38
374 663 46
540 664 38
617 665 22
216 666 37
175 667 39
214 668 30
395 669 36
263 670 19
619 671 7
671 672 40
540 673 36
276 674 27
329 675 48
123 676 15
25 677 24
198 678 17
69 679 28
676 680 27
96 681 25
57 682 5
517 683 32
480 684 15
67 685 20
172 686 6
358 687 19
572 688 1
311 689 18
176 690 43
554 691 27
510 692 14
356 693 15
246 694 1
433 695 47
410 696 26
680 697 36
499 698 39
611 699 11
341 700 39
80 701 43
646 702 45
452 703 18
415 704 16
382 705 7
438 706 22
572 707 34
146 708 25
167 709 11
57 710 8
419 711 27
587 712 46
150 713 18
390 714 47
486 715 27
201 716 10
310 717 0
531 718 15
653 719 25
369 720 6
437 721 39
464 722 41
72 723 10
260 724 21
85 725 3
135 726 40
243 727 30
471 728 22
615 729 3
475 730 4
342 731 7
665 732 7
474 733 34
436 734 14
146 735 3
386 736 1
545 737 33
700 738 12
167 739 11
638 740 12
585 741 40
61 742 25
634 743 33
49 744 46
273 745 30
426 746 13
536 747 44
353 748 18
118 749 2
142 750 30
406 751 20
40 752 17
217 753 31
369 754 2
339 755 31
138 756 1
126 757 8
552 758 3
324 759 22
680 760 23
663 761 0
371 762 14
702 763 31
562 764 23
562 765 23
211 766 38
275 767 11
377 768 2
304 769 28
304 770 0
262 771 35
747 772 44
118 773 25
108 774 46
514 775 43
157 776 9
256 777 23
518 778 1
404 779 14
612 780 40
111 781 18
440 782 34
357 783 25
483 784 0
187 785 6
591 786 46
553 787 21
263 788 18
362 789 21
57 790 11
166 791 25
728 792 0
408 793 33
527 794 0
790 795 6
292 796 16
199 797 44
438 798 9
518 799 33
19 800 25
16 801 21
228 802 42
144 803 16
710 804 28
779 805 32
318 806 32
481 807 46
437 808 30
36 809 0
241 810 30
96 811 26
62 812 34
531 813 20
270 814 32
114 815 48
778 816 48
180 817 25
176 818 29
126 819 37
359 820 42
154 821 48
447 822 36
75 823 12
725 824 19
393 825 11
717 826 0
602 827 16
813 828 13
522 829 43
421 830 42
711 831 16
189 832 3
748 833 6
624 834 26
758 835 5
299 836 33
340 837 26
117 838 49
121 839 19
827 840 32
20 841 7
429 842 3
326 843 23
666 844 27
303 845 32
254 846 16
835 847 11
672 848 18
476 849 34
312 850 11
290 851 9
548 852 44
17 853 30
219 854 34
234 855 33
285 856 9
826 857 7
25 858 2
525 859 3
858 860 49
227 861 36
419 862 39
330 863 32
558 864 11
330 865 27
570 866 47
698 867 47
515 868 43
24 869 35
102 870 15
607 871 17
623 872 15
449 873 29
409 874 30
468 875 25
7 876 0
653 877 40
262 878 30
596 879 35
165 880 40
362 881 8
704 882 37
269 883 8
442 884 17
700 885 3
533 886 20
463 887 11
314 888 27
820 889 9
841 890 15
834 891 28
213 892 42
189 893 2
139 894 22
731 895 10
846 896 23
50 897 42
408 898 21
718 899 6
98 900 17
279 901 25
598 902 35
285 903 48
472 904 24
554 905 6
802 906 35
232 907 25
721 908 3
677 909 33
301 910 38
843 911 23
674 912 10
135 913 23
638 914 41
15 915 13
589 916 19
375 917 37
563 918 42
475 919 26
591 920 25
583 921 5
788 922 18
861 923 0
338 924 16
532 925 33
135 926 29
24 927 35
486 928 22
141 929 45
348 930 13
275 931 4
178 932 26
607 933 2
762 934 19
234 935 13
428 936 36
496 937 25
781 938 17
243 939 23
69 940 7
19 941 45
557 942 24
290 943 27
736 944 33
154 945 38
368 946 39
578 947 25
170 948 37
857 949 18
676 950 0
502 951 16
543 952 14
98 953 16
122 954 11
439 955 29
128 956 28
945 957 8
298 958 39
913 959 16
79 960 1
259 961 41
387 962 13
545 963 24
247 964 2
409 965 14
948 966 43
64 967 18
119 968 15
251 969 38
783 970 10
357 971 27
452 972 48
593 973 29
948 974 9
695 975 31
675 976 10
380 977 41
415 978 4
75 979 3
847 980 48
614 981 48
765 982 0
141 983 39
78 984 37
550 985 41
512 986 44
532 987 1
140 988 43
528 989 36
892 990 32
381 991 8
262 992 2
699 993 3
901 994 7
345 995 22
694 996 42
256 997 18
331 998 38
132 999 14
584 1000 46
914 1001 46
380 1002 34
713 1003 36
448 1004 9
590 1005 18
945 1006 32
788 1007 20
553 1008 20
469 1009 37
325 1010 11
812 1011 14
104 1012 30
495 1013 10
705 1014 31
880 1015 2
413 1016 28
347 1017 18
635 1018 24
389 1019 45
387 1020 5
264 1021 25
131 1022 8
670 1023 14
934 1024 8
862 1025 3
867 1026 24
859 1027 23
500 1028 15
326 1029 5
56 1030 39
546 1031 5
667 1032 16
301 1033 17
563 1034 44
35 1035 3
472 1036 45
688 1037 12
921 1038 5
128 1039 8
964 1040 19
188 1041 48
964 1042 6
188 1043 33
422 1044 18
508 1045 36
365 1046 22
867 1047 11
96 1048 2
912 1049 28
847 1050 7
938 1051 9
519 1052 23
942 1053 17
779 1054 3
883 1055 19
152 1056 15
243 1057 46
441 1058 10
54 1059 32
759 1060 5
855 1061 17
144 1062 0
615 1063 38
467 1064 47
694 1065 20
598 1066 2
706 1067 43
398 1068 12
540 1069 9
477 1070 6
263 1071 30
202 1072 25
41 1073 29
525 1074 35
198 1075 8
137 1076 8
764 1077 23
993 1078 3
989 1079 32
865 1080 16
373 1081 39
173 1082 39
91 1083 36
194 1084 28
661 1085 34
17 1086 7
265 1087 28
288 1088 14
963 1089 34
113 1090 15
14 1091 8
447 1092 11
288 1093 41
87 1094 45
639 1095 16
382 1096 2
922 1097 31
455 1098 2
478 1099 25
704 1100 23
1025 1101 24
467 1102 18
565 1103 45
775 1104 20
838 1105 14
103 1106 1
208 1107 10
160 1108 47
56 1109 37
976 1110 42
308 1111 8
260 1112 8
443 1113 47
927 1114 34
24 1115 41
157 1116 16
1014 1117 14
296 1118 31
1082 1119 20
689 1120 24
54 1121 19
877 1122 25
975 1123 36
220 1124 35
225 1125 17
378 1126 18
939 1127 16
206 1128 25
236 1129 20
1044 1130 27
425 1131 27
267 1132 39
199 1133 34
82 1134 29
428 1135 18
430 1136 10
632 1137 5
187 1138 24
862 1139 18
268 1140 18
655 1141 7
65 1142 41
341 1143 3
310 1144 10
1026 1145 16
419 1146 9
979 1147 29
190 1148 12
665 1149 44
1142 1150 20
954 1151 35
541 1152 9
435 1153 35
830 1154 43
1073 1155 6
213 1156 48
241 1157 15
944 1158 14
479 1159 7
577 1160 19
650 1161 45
904 1162 13
347 1163 0
340 1164 46
428 1165 21
493 1166 43
1052 1167 10
912 1168 31
874 1169 18
353 1170 10
385 1171 1
439 1172 23
30 1173 11
764 1174 25
783 1175 20
190 1176 31
297 1177 42
1022 1178 1
942 1179 49
1082 1180 17
1117 1181 45
496 1182 5
1135 1183 30
313 1184 42
738 1185 48
1096 1186 14
927 1187 17
923 1188 29
157 1189 21
835 1190 19
522 1191 15
1057 1192 33
580 1193 40
152 1194 31
211 1195 3
130 1196 45
226 1197 44
399 1198 19
459 1199 34
1104 1200 47
513 1201 5
463 1202 4
624 1203 22
703 1204 21
893 1205 25
452 1206 1
840 1207 8
951 1208 26
793 1209 3
223 1210 18
1007 1211 36
373 1212 11
235 1213 35
1009 1214 40
393 1215 44
358 1216 46
1004 1217 42
2 1218 0
203 1219 7
309 1220 18
644 1221 37
111 1222 49
482 1223 5
1092 1224 11
651 1225 27
993 1226 9
41 1227 35
693 1228 12
489 1229 29
452 1230 21
219 1231 45
68 1232 18
1128 1233 11
589 1234 36
39 1235 30
425 1236 19
491 1237 28
413 1238 35
929 1239 0
553 1240 28
25 1241 27
640 1242 36
753 1243 37
250 1244 16
370 1245 49
572 1246 13
239 1247 0
484 1248 49
441 1249 29
602 1250 31
1188 1251 25
1090 1252 2
867 1253 13
1208 1254 47
313 1255 34
201 1256 23
383 1257 4
908 1258 7
884 1259 3
398 1260 20
866 1261 36
775 1262 11
1011 1263 23
519 1264 30
229 1265 35
436 1266 40
663 1267 18
845 1268 13
508 1269 44
396 1270 9
291 1271 25
1050 1272 29
114 1273 25
2 1274 35
616 1275 18
54 1276 23
703 1277 3
579 1278 31
209 1279 31
1088 1280 13
304 1281 8
684 1282 26
1183 1283 39
505 1284 29
221 1285 34
910 1286 3
671 1287 33
1103 1288 38
431 1289 12
919 1290 6
1125 1291 18
750 1292 18
657 1293 23
678 1294 10
789 1295 37
523 1296 32
800 1297 7
929 1298 35
582 1299 1
922 1300 17
358 1301 12
1214 1302 25
1209 1303 1
8 1304 37
619 1305 1
503 1306 16
498 1307 40
891 1308 9
1241 1309 47
1092 1310 10
1218 1311 12
641 1312 42
538 1313 39
938 1314 7
946 1315 44
943 1316 40
915 1317 30
720 1318 30
60 1319 39
690 1320 0
396 1321 25
1083 1322 8
1300 1323 39
1051 1324 34
793 1325 28
384 1326 21
133 1327 15
845 1328 1
387 1329 4
1062 1330 11
920 1331 34
452 1332 21
1002 1333 40
511 1334 36
1276 1335 17
706 1336 34
909 1337 49
631 1338 46
149 1339 18
770 1340 3
605 1341 43
785 1342 10
624 1343 24
916 1344 0
639 1345 36
248 1346 32
762 1347 25
775 1348 38
857 1349 32
601 1350 28
1237 1351 31
10 1352 45
501 1353 49
743 1354 33
993 1355 7
957 1356 43
906 1357 9
101 1358 20
749 1359 9
580 1360 24
931 1361 4
475 1362 25
149 1363 17
284 1364 23
1131 1365 35
879 1366 40
1216 1367 8
740 1368 48
792 1369 41
484 1370 0
773 1371 43
1129 1372 6
374 1373 41
851 1374 0
878 1375 36
379 1376 31
1221 1377 23
657 1378 44
1186 1379 7
343 1380 6
778 1381 5
719 1382 49
415 1383 44
1334 1384 29
1067 1385 8
1046 1386 40
802 1387 11
155 1388 45
554 1389 36
18 1390 35
283 1391 42
1041 1392 1
682 1393 17
799 1394 27
709 1395 1
893 1396 39
654 1397 49
1196 1398 43
918 1399 29
618 1400 5
1139 1401 49
474 1402 35
1290 1403 46
684 1404 16
1145 1405 18
982 1406 36
894 1407 13
134 1408 43
471 1409 28
1304 1410 7
841 1411 41
971 1412 20
986 1413 9
619 1414 46
982 1415 23
608 1416 27
1397 1417 40
569 1418 22
681 1419 9
999 1420 37
270 1421 13
689 1422 46
1253 1423 33
512 1424 26
1184 1425 17
1311 1426 13
404 1427 17
39 1428 43
510 1429 36
1015 1430 46
284 1431 26
1340 1432 37
1335 1433 45
931 1434 0
222 1435 16
1151 1436 13
1222 1437 36
201 1438 7
865 1439 41
1085 1440 32
1243 1441 25
1237 1442 7
746 1443 33
79 1444 34
410 1445 6
504 1446 45
619 1447 33
1152 1448 31
932 1449 47
1187 1450 12
243 1451 18
1015 1452 42
1105 1453 11
979 1454 21
1221 1455 36
177 1456 24
189 1457 14
2 1458 36
496 1459 14
82 1460 17
549 1461 48
758 1462 0
646 1463 37
1422 1464 8
1099 1465 47
910 1466 40
849 1467 14
422 1468 16
632 1469 22
1116 1470 25
1425 1471 45
672 1472 46
250 1473 38
267 1474 11
17 1475 12
149 1476 0
282 1477 24
1330 1478 23
1460 1479 18
143 1480 10
1000 1481 17
840 1482 40
817 1483 45
587 1484 13
45 1485 28
575 1486 29
1455 1487 47
982 1488 8
1383 1489 15
480 1490 2
798 1491 21
61 1492 43
1239 1493 21
956 1494 43
1210 1495 8
217 1496 8
1192 1497 41
456 1498 8
1092 1499 9
1436 1500 10
1288 1501 19
1048 1502 36
909 1503 10
609 1504 7
731 1505 24
1346 1506 28
371 1507 19
565 1508 24
714 1509 21
1281 1510 48
1247 1511 39
1336 1512 43
1328 1513 35
830 1514 10
281 1515 23
916 1516 46
402 1517 49
799 1518 11
947 1519 39
1418 1520 27
1049 1521 38
1124 1522 35
310 1523 4
1388 1524 47
106 1525 22
1452 1526 33
700 1527 5
1335 1528 40
557 1529 13
285 1530 27
589 1531 15
721 1532 37
421 1533 1
1022 1534 23
1371 1535 9
866 1536 15
423 1537 18
7 1538 2
928 1539 13
654 1540 16
620 1541 22
213 1542 0
248 1543 39
1368 1544 23
812 1545 1
66 1546 14
1378 1547 39
845 1548 1
1117 1549 43
1327 1550 27
260 1551 24
1446 1552 35
681 1553 8
1461 1554 12
1081 1555 1
1383 1556 13
1055 1557 30
1392 1558 47
1086 1559 7
512 1560 3
1195 1561 28
876 1562 37
859 1563 11
427 1564 22
1132 1565 44
973 1566 24
116 1567 43
363 1568 18
293 1569 12
796 1570 27
654 1571 33
1505 1572 25
839 1573 33
1090 1574 18
371 1575 27
99 1576 16
1558 1577 46
815 1578 26
308 1579 24
80 1580 14
502 1581 39
925 1582 25
74 1583 35
1154 1584 2
816 1585 28
509 1586 17
190 1587 47
695 1588 7
236 1589 47
723 1590 49
706 1591 28
585 1592 2
345 1593 20
1093 1594 32
705 1595 41
197 1596 48
520 1597 18
60 1598 11
1040 1599 34
258 1600 5
222 1601 5
777 1602 37
63 1603 36
571 1604 30
917 1605 43
1428 1606 10
16 1607 44
793 1608 8
1331 1609 23
1029 1610 27
995 1611 49
92 1612 15
92 1613 0
841 1614 18
1067 1615 19
1033 1616 8
1445 1617 48
264 1618 48
325 1619 28
41 1620 38
349 1621 2
867 1622 23
768 1623 43
1325 1624 27
209 1625 19
957 1626 28
371 1627 39
94 1628 27
234 1629 31
244 1630 43
1101 1631 11
809 1632 47
569 1633 19
70 1634 2
749 1635 9
715 1636 4
527 1637 10
625 1638 36
1170 1639 47
540 1640 5
958 1641 42
671 1642 15
11 1643 22
146 1644 34
260 1645 8
513 1646 28
119 1647 21
19 1648 43
1297 1649 40
1647 1650 28
984 1651 7
823 1652 27
50 1653 41
1291 1654 23
1142 1655 0
1188 1656 41
808 1657 5
1129 1658 8
1609 1659 40
325 1660 32
554 1661 36
1194 1662 2
503 1663 44
466 1664 21
927 1665 18
1133 1666 27
1580 1667 7
326 1668 31
1460 1669 1
1076 1670 25
659 1671 39
1289 1672 27
909 1673 17
116 1674 10
1282 1675 46
590 1676 4
1017 1677 8
178 1678 11
1614 1679 36
1471 1680 27
939 1681 0
529 1682 15
1058 1683 5
941 1684 39
1582 1685 26
1541 1686 36
927 1687 21
456 1688 20
32 1689 8
226 1690 43
700 1691 27
1238 1692 16
103 1693 35
730 1694 0
1510 1695 12
523 1696 3
1560 1697 38
505 1698 37
118 1699 29
1579 1700 41
692 1701 4
404 1702 11
1018 1703 30
1346 1704 42
1480 1705 12
521 1706 18
1188 1707 46
674 1708 28
1080 1709 25
450 1710 24
1386 1711 43
997 1712 8
1596 1713 14
1164 1714 16
120 1715 15
1516 1716 18
709 1717 17
1470 1718 25
923 1719 49
785 1720 20
433 1721 40
39 1722 39
1069 1723 38
760 1724 25
1541 1725 13
1478 1726 8
920 1727 33
903 1728 31
1195 1729 44
1139 1730 10
19 1731 33
1533 1732 25
581 1733 6
1371 1734 30
944 1735 1
436 1736 10
592 1737 19
944 1738 12
826 1739 37
1453 1740 31
1360 1741 39
292 1742 47
1443 1743 49
1364 1744 26
603 1745 28
1462 1746 30
1436 1747 38
227 1748 36
504 1749 40
12 1750 36
462 1751 41
351 1752 25
1722 1753 28
737 1754 24
330 1755 48
774 1756 33
813 1757 24
1512 1758 15
1113 1759 0
972 1760 20
1185 1761 16
877 1762 14
1214 1763 14
509 1764 4
977 1765 3
335 1766 5
779 1767 42
1210 1768 33
725 1769 17
201 1770 39
1722 1771 27
266 1772 35
518 1773 7
1166 1774 12
1380 1775 0
1665 1776 5
1281 1777 24
1004 1778 42
879 1779 33
866 1780 26
463 1781 6
843 1782 17
1724 1783 21
794 1784 8
1420 1785 14
226 1786 12
660 1787 43
738 1788 29
1275 1789 49
373 1790 11
912 1791 44
1011 1792 27
1217 1793 33
97 1794 31
331 1795 7
1213 1796 7
260 1797 14
232 1798 27
1465 1799 35
507 1800 47
1150 1801 46
1449 1802 14
1659 1803 46
982 1804 9
438 1805 3
704 1806 20
203 1807 13
121 1808 6
1286 1809 49
85 1810 2
227 1811 14
24 1812 33
81 1813 3
894 1814 4
747 1815 9
1516 1816 45
551 1817 7
1672 1818 34
833 1819 34
1604 1820 6
1434 1821 22
753 1822 10
1437 1823 24
1488 1824 40
308 1825 27
1606 1826 0
555 1827 9
1455 1828 42
659 1829 5
814 1830 28
1115 1831 33
1573 1832 29
852 1833 31
469 1834 2
1676 1835 48
617 1836 29
1319 1837 3
986 1838 26
1546 1839 18
1397 1840 26
577 1841 29
1637 1842 16
1074 1843 40
1472 1844 13
1123 1845 38
1132 1846 2
1755 1847 44
964 1848 34
994 1849 48
763 1850 9
1025 1851 19
816 1852 27
1151 1853 21
1704 1854 41
128 1855 37
890 1856 10
1121 1857 41
631 1858 12
1245 1859 21
1625 1860 31
341 1861 23
771 1862 38
596 1863 17
1662 1864 2
678 1865 14
1392 1866 28
269 1867 45
684 1868 4
1673 1869 10
1742 1870 22
1371 1871 1
1092 1872 18
1066 1873 44
945 1874 14
1722 1875 37
739 1876 1
280 1877 2
855 1878 7
332 1879 44
1683 1880 22
1589 1881 25
1156 1882 13
1512 1883 23
516 1884 27
1046 1885 31
1082 1886 6
69 1887 37
1412 1888 30
1297 1889 1
1372 1890 29
416 1891 34
175 1892 22
1135 1893 46
1048 1894 43
1110 1895 3
349 1896 17
1253 1897 48
1553 1898 49
1812 1899 6
1311 1900 15
842 1901 12
769 1902 2
490 1903 15
1493 1904 48
203 1905 2
212 1906 23
1679 1907 46
224 1908 8
645 1909 13
235 1910 9
227 1911 30
478 1912 30
233 1913 30
33 1914 4
1616 1915 25
1801 1916 6
22 1917 42
316 1918 27
1504 1919 21
1563 1920 38
1548 1921 19
470 1922 13
1857 1923 15
188 1924 7
1673 1925 40
1347 1926 49
1500 1927 35
1301 1928 34
440 1929 41
95 1930 22
1322 1931 41
51 1932 44
1575 1933 30
1373 1934 48
1053 1935 49
1372 1936 44
25 1937 11
1176 1938 24
1873 1939 13
1540 1940 25
1829 1941 27
1207 1942 25
568 1943 33
46 1944 28
614 1945 47
1455 1946 26
577 1947 48
1464 1948 6
715 1949 3
1511 1950 28
621 1951 24
283 1952 17
1465 1953 49
210 1954 34
622 1955 22
420 1956 42
734 1957 29
1332 1958 44
142 1959 16
359 1960 47
344 1961 12
137 1962 14
1960 1963 33
1579 1964 48
727 1965 18
1142 1966 8
508 1967 5
1326 1968 29
1199 1969 47
902 1970 36
818 1971 35
1306 1972 4
241 1973 26
1874 1974 41
1175 1975 40
573 1976 45
1539 1977 14
1520 1978 45
26 1979 5
1741 1980 16
1743 1981 7
753 1982 34
1076 1983 5
1648 1984 14
512 1985 3
1267 1986 43
738 1987 18
25 1988 27
1723 1989 43
412 1990 28
630 1991 34
347 1992 5
1837 1993 45
761 1994 9
1226 1995 41
914 1996 45
520 1997 25
888 1998 21
221 1999 31
1459 2000 36
1011 2001 0
108 2002 17
223 2003 43
1233 2004 43
1797 2005 16
682 2006 8
582 2007 12
1047 2008 38
1073 2009 34
1383 2010 12
1201 2011 32
1299 2012 19
1243 2013 28
607 2014 11
291 2015 32
2013 2016 49
107 2017 0
1189 2018 48
1304 2019 23
450 2020 2
1591 2021 38
1438 2022 28
980 2023 38
1116 2024 7
934 2025 45
445 2026 41
1871 2027 10
1157 2028 0
594 2029 3
1348 2030 26
1652 2031 48
902 2032 44
1741 2033 25
904 2034 38
522 2035 19
359 2036 15
1976 2037 44
1632 2038 21
1579 2039 2
1247 2040 27
792 2041 6
1615 2042 34
1037 2043 20
344 2044 9
937 2045 27
693 2046 9
563 2047 33
1255 2048 9
1663 2049 14
1248 2050 25
1720 2051 0
1415 2052 11
1843 2053 8
752 2054 13
918 2055 0
962 2056 26
1555 2057 26
1310 2058 19
855 2059 33
370 2060 4
1538 2061 34
1648 2062 17
962 2063 2
1458 2064 9
630 2065 42
76 2066 13
1356 2067 36
220 2068 9
1271 2069 9
539 2070 23
924 2071 1
902 2072 8
1286 2073 0
524 2074 35
663 2075 40
1755 2076 9
1777 2077 9
914 2078 29
420 2079 18
386 2080 5
583 2081 47
901 2082 21
877 2083 3
828 2084 19
1771 2085 10
584 2086 20
524 2087 2
1565 2088 48
742 2089 7
1418 2090 1
2088 2091 3
1631 2092 27
1272 2093 34
217 2094 8
425 2095 28
1913 2096 35
438 2097 6
965 2098 6
468 2099 24
1969 2100 36
1889 2101 11
1141 2102 28
707 2103 29
1733 2104 40
1054 2105 29
556 2106 25
355 2107 31
445 2108 36
1143 2109 33
1378 2110 12
481 2111 29
472 2112 11
713 2113 36
1325 2114 35
203 2115 23
1500 2116 39
1238 2117 14
929 2118 23
110 2119 11
913 2120 7
2012 2121 36
1975 2122 35
1512 2123 25
12 2124 18
735 2125 17
884 2126 14
1238 2127 35
1675 2128 0
996 2129 36
1419 2130 2
570 2131 42
255 2132 8
2075 2133 13
1867 2134 0
486 2135 5
1538 2136 28
150 2137 25
1670 2138 3
23 2139 25
1856 2140 36
1270 2141 34
1132 2142 36
1469 2143 13
179 2144 13
1261 2145 17
701 2146 37
174 2147 13
1565 2148 42
1616 2149 10
1324 2150 15
1212 2151 8
1323 2152 43
1216 2153 43
1021 2154 18
857 2155 9
2127 2156 2
1528 2157 28
1095 2158 5
1286 2159 6
1070 2160 28
89 2161 16
589 2162 21
1662 2163 0
1408 2164 12
1980 2165 27
1215 2166 47
2153 2167 48
1731 2168 19
743 2169 34
915 2170 3
119 2171 30
1855 2172 16
1646 2173 34
1119 2174 27
1621 2175 6
608 2176 42
1948 2177 24
1121 2178 47
2074 2179 13
790 2180 14
487 2181 36
1437 2182 12
2003 2183 41
1772 2184 42
1456 2185 40
533 2186 4
209 2187 6
199 2188 1
1910 2189 46
643 2190 21
1336 2191 34
1111 2192 23
508 2193 30
341 2194 37
1345 2195 17
1261 2196 46
1417 2197 49
831 2198 7
663 2199 43
673 2200 6
1688 2201 38
740 2202 45
575 2203 42
1883 2204 45
1576 2205 22
235 2206 20
528 2207 19
1058 2208 21
862 2209 39
432 2210 10
528 2211 4
790 2212 20
216 2213 42
376 2214 10
1199 2215 4
1341 2216 6
156 2217 25
100 2218 46
1260 2219 42
1421 2220 29
310 2221 33
324 2222 35
947 2223 14
2080 2224 17
2086 2225 45
744 2226 28
578 2227 6
742 2228 4
1605 2229 23
2224 2230 6
566 2231 21
58 2232 9
1394 2233 47
190 2234 2
1776 2235 29
402 2236 17
428 2237 46
2040 2238 33
2166 2239 4
1546 2240 23
1338 2241 29
249 2242 38
1062 2243 42
1087 2244 46
1170 2245 16
167 2246 32
1552 2247 28
246 2248 42
1325 2249 25
922 2250 40
872 2251 1
798 2252 33
1819 2253 14
571 2254 29
1129 2255 5
902 2256 48
1534 2257 24
1873 2258 39
675 2259 16
1382 2260 42
1781 2261 41
1685 925 8
