46 0.057005
42 0.054588
51 0.043137
51 0.051765
51 0.040784
51 0.045490
46 0.041546
65 0.046635
50 0.049796
48 0.048759
51 0.057255
43 0.052049
48 0.037234
45 0.042424
51 0.053333
51 0.057255
60 0.058192
61 0.046448
49 0.054422
40 0.033333
50 0.040816
55 0.051852
43 0.055371
50 0.055510
41 0.060976
48 0.053191
52 0.052036
38 0.054054
38 0.051209
41 0.056098
46 0.055072
46 0.056039
41 0.051220
49 0.052721
52 0.050528
37 0.048048
43 0.062016
50 0.047347
39 0.052632
56 0.053247
43 0.052049
47 0.051804
52 0.044495
50 0.035918
64 0.052083
45 0.056566
47 0.061980
49 0.049320
56 0.047403
52 0.053544
51 0.060392
43 0.048726
59 0.046172
50 0.045714
46 0.046377
51 0.040000
44 0.053911
51 0.051765
38 0.061166
53 0.056604
48 0.048759
52 0.051282
44 0.051797
52 0.057315
61 0.055738
55 0.052525
50 0.048980
49 0.053571
47 0.057354
48 0.047872
50 0.051429
59 0.053770
46 0.042512
63 0.048131
60 0.054237
38 0.052632
43 0.054264
50 0.045714
49 0.043367
51 0.049412
55 0.050505
45 0.038384
43 0.053156
55 0.048485
57 0.050752
49 0.048469
47 0.049954
62 0.050238
60 0.053672
61 0.055191
50 0.048163
32 0.044355
54 0.054507
37 0.040541
47 0.058279
53 0.059507
57 0.050125
49 0.046769
39 0.056680
41 0.058537
54 0.035639
49 0.053571
48 0.053191
54 0.051013
51 0.053333
47 0.038853
60 0.048588
54 0.047519
59 0.052016
52 0.060332
45 0.048485
52 0.048265
42 0.042973
61 0.048087
50 0.052245
43 0.039867
59 0.048510
48 0.051418
58 0.052027
49 0.044218
53 0.050798
45 0.045455
38 0.049787
63 0.055300
49 0.044218
51 0.047843
46 0.059903
44 0.045455
50 0.050612
42 0.052265
46 0.056039
52 0.039216
40 0.061538
49 0.051020
52 0.048265
51 0.043922
60 0.040678
36 0.046032
53 0.044993
42 0.044135
51 0.055686
59 0.052601
51 0.058039
45 0.051515
39 0.048583
48 0.056738
41 0.056098
58 0.049002
37 0.063063
56 0.045455
47 0.050879
44 0.057082
58 0.055051
41 0.057317
52 0.042986
52 0.047511
48 0.046099
43 0.047619
45 0.048485
54 0.050314
55 0.057239
51 0.052549
53 0.067489
49 0.056122
59 0.046172
50 0.040000
61 0.043716
47 0.055504
41 0.060976
40 0.052564
47 0.049954
53 0.041364
56 0.040909
63 0.047107
69 0.049446
51 0.048627
45 0.053535
51 0.056471
41 0.046341
50 0.040000
39 0.053981
44 0.041226
49 0.051871
62 0.054997
38 0.045519
59 0.057276
51 0.043137
50 0.044082
46 0.046377
51 0.056471
47 0.046253
50 0.049796
43 0.052049
47 0.039778
47 0.061055
54 0.053110
46 0.044444
40 0.051282
59 0.053770
55 0.052525
56 0.057143
48 0.044326
59 0.049094
45 0.046465
68 0.046971
53 0.054427
44 0.053911
55 0.049158
50 0.041633
48 0.054078
36 0.065079
47 0.054579
56 0.055195
38 0.052632
64 0.046131
46 0.053140
36 0.060317
52 0.048265
58 0.053237
57 0.058897
44 0.059197
33 0.058712
44 0.054968
52 0.039970
60 0.044633
46 0.058937
67 0.049299
45 0.051515
41 0.060976
39 0.041835
45 0.059596
43 0.044297
56 0.057792
48 0.052305
47 0.046253
45 0.052525
55 0.049832
48 0.039007
32 0.042339
39 0.053981
50 0.055510
72 0.050469
52 0.055807
56 0.046753
48 0.047872
54 0.053809
45 0.049495
49 0.044218
51 0.048627
46 0.044444
51 0.056471
62 0.051296
61 0.053005
36 0.044444
51 0.055686
57 0.048246
51 0.055686
43 0.045404
59 0.045587
53 0.052250
54 0.046820
49 0.062925
59 0.048510
45 0.048485
48 0.057624
44 0.044397
45 0.050505
66 0.057809
48 0.049645
58 0.046582
61 0.054098
45 0.042424
49 0.046769
43 0.058693
55 0.057239
47 0.049029
56 0.041558
49 0.054422
60 0.049718
65 0.049519
44 0.050740
48 0.058511
55 0.047138
52 0.045249
60 0.055932
57 0.054511
43 0.047619
51 0.052549
46 0.043478
48 0.043440
54 0.056604
63 0.044547
49 0.056973
68 0.049166
53 0.049347
53 0.060958
65 0.054808
52 0.055053
55 0.047811
47 0.052729
53 0.056604
52 0.058069
59 0.051432
52 0.061840
40 0.052564
56 0.057143
53 0.041364
55 0.055892
36 0.047619
46 0.050242
41 0.053659
69 0.046036
48 0.051418
49 0.046769
59 0.047925
56 0.045455
48 0.049645
49 0.046769
52 0.043741
49 0.049320
39 0.053981
56 0.055844
54 0.048218
51 0.060392
43 0.040975
58 0.049607
57 0.043860
59 0.054939
49 0.054422
58 0.046582
55 0.044444
47 0.062905
48 0.054078
41 0.051220
44 0.047569
52 0.056561
45 0.058586
49 0.056122
54 0.047519
38 0.048364
63 0.048131
50 0.057143
50 0.055510
52 0.061086
57 0.053885
55 0.049158
51 0.051765
56 0.048052
57 0.047619
49 0.045918
48 0.060284
39 0.040486
51 0.054118
38 0.055477
35 0.055462
51 0.040784
46 0.047343
55 0.054545
45 0.053535
48 0.050532
56 0.046753
46 0.051208
52 0.054299
45 0.039394
65 0.053365
49 0.043367
57 0.048872
60 0.055367
51 0.041569
47 0.054579
42 0.044135
46 0.047343
45 0.049495
43 0.049834
50 0.047347
63 0.050691
59 0.061368
59 0.057861
50 0.054694
46 0.042512
47 0.054579
45 0.059596
47 0.047179
64 0.048115
53 0.047170
49 0.045918
44 0.061311
63 0.041475
53 0.061684
49 0.054422
49 0.049320
49 0.054422
65 0.043750
48 0.057624
61 0.048087
58 0.047187
38 0.046942
52 0.053544
48 0.050532
48 0.055851
58 0.047792
65 0.047115
38 0.044097
62 0.046536
43 0.040975
56 0.046753
62 0.049180
52 0.053544
47 0.054579
59 0.045003
54 0.055206
55 0.048485
54 0.047519
59 0.047341
51 0.045490
40 0.044872
43 0.043189
42 0.042973
38 0.058321
49 0.055272
50 0.048163
43 0.060908
58 0.047187
37 0.054054
61 0.053552
67 0.060154
48 0.045213
36 0.050794
52 0.049020
63 0.055812
61 0.057377
57 0.048872
48 0.049645
36 0.063492
54 0.050314
55 0.047811
39 0.040486
54 0.058001
35 0.050420
34 0.049911
39 0.060729
48 0.050532
52 0.036953
51 0.052549
56 0.055844
40 0.047436
54 0.049616
57 0.048872
53 0.039913
57 0.056391
51 0.055686
56 0.054545
64 0.060516
45 0.049495
51 0.059608
43 0.044297
44 0.048626
55 0.057239
51 0.046275
47 0.052729
46 0.056039
61 0.057923
55 0.044444
44 0.049683
63 0.044035
52 0.042986
45 0.054545
52 0.056561
53 0.044267
48 0.048759
43 0.046512
49 0.040816
46 0.053140
49 0.049320
47 0.049029
44 0.050740
54 0.044724
59 0.049094
42 0.051103
48 0.054965
54 0.048917
48 0.050532
54 0.040531
50 0.046531
62 0.059757
46 0.056039
62 0.052882
51 0.050980
36 0.053968
55 0.054545
62 0.049709
50 0.058776
53 0.053701
62 0.051824
45 0.040404
53 0.048621
39 0.049933
51 0.054118
52 0.058824
46 0.061836
35 0.043697
50 0.052245
52 0.042232
45 0.042424
59 0.059614
46 0.050242
49 0.062925
34 0.040998
46 0.046377
46 0.054106
66 0.040093
50 0.058776
52 0.051282
57 0.051378
44 0.067653
53 0.047170
55 0.051178
48 0.039894
52 0.045249
55 0.044444
51 0.044706
59 0.049094
41 0.047561
45 0.036364
47 0.054579
60 0.045198
49 0.057823
61 0.052459
59 0.056108
51 0.046275
60 0.054237
52 0.038462
54 0.046820
46 0.057005
43 0.044297
51 0.050980
46 0.050242
71 0.055936
51 0.058039
50 0.048980
45 0.053535
45 0.050505
55 0.049158
52 0.047511
42 0.039489
46 0.045411
49 0.045068
53 0.053701
54 0.059399
53 0.048621
51 0.050980
58 0.041137
57 0.043233
47 0.049029
46 0.051208
50 0.042449
60 0.049153
50 0.043265
57 0.050752
45 0.061616
52 0.047511
55 0.053199
51 0.054902
50 0.054694
45 0.050505
38 0.059744
41 0.047561
38 0.034139
48 0.052305
52 0.041478
48 0.045213
48 0.051418
44 0.049683
50 0.052245
46 0.045411
48 0.049645
52 0.050528
53 0.044267
45 0.055556
54 0.051013
70 0.046791
46 0.043478
51 0.041569
52 0.048265
46 0.050242
42 0.037166
49 0.045068
55 0.053872
61 0.053552
37 0.055556
42 0.047619
48 0.057624
58 0.049607
47 0.051804
39 0.058030
47 0.058279
59 0.042081
56 0.050000
43 0.059801
57 0.048872
40 0.053846
41 0.052439
57 0.052005
53 0.057329
49 0.059524
60 0.051412
51 0.047843
56 0.050000
40 0.043590
62 0.060286
63 0.050179
62 0.052353
47 0.059204
54 0.046122
48 0.049645
50 0.052245
47 0.057354
42 0.063879
67 0.052013
56 0.047403
55 0.041077
46 0.050242
43 0.055371
41 0.024390
57 0.042607
45 0.052525
54 0.053110
58 0.056261
45 0.046465
49 0.067177
63 0.049667
53 0.051524
46 0.049275
42 0.060395
58 0.052027
50 0.048980
60 0.052542
50 0.035918
50 0.047347
49 0.068878
48 0.051418
45 0.043434
46 0.050242
45 0.071717
56 0.039610
61 0.057923
50 0.048980
34 0.062389
45 0.043434
49 0.050170
42 0.045296
44 0.057082
53 0.051524
53 0.050073
47 0.047179
54 0.051712
49 0.048469
46 0.049275
44 0.057082
55 0.065993
42 0.054588
54 0.061495
58 0.046582
44 0.045455
50 0.050612
64 0.050595
59 0.055523
61 0.051913
49 0.044218
32 0.046371
55 0.053199
52 0.052036
68 0.057068
54 0.052411
53 0.051524
48 0.049645
63 0.049155
40 0.052564
49 0.055272
37 0.063063
35 0.058824
49 0.053571
55 0.053199
56 0.055195
47 0.062905
57 0.045113
66 0.041026
43 0.047619
40 0.051282
45 0.060606
46 0.057005
45 0.053535
52 0.061086
45 0.037374
47 0.056429
40 0.056410
56 0.049351
59 0.049094
37 0.049550
53 0.057329
51 0.050980
46 0.052174
40 0.055128
40 0.062821
57 0.050752
47 0.061055
51 0.053333
45 0.059596
54 0.052411
52 0.052036
52 0.052036
34 0.057041
49 0.037415
36 0.047619
46 0.052174
56 0.057792
52 0.046003
52 0.055053
43 0.050941
44 0.051797
49 0.051020
49 0.044218
50 0.060408
52 0.056561
51 0.047059
54 0.056604
48 0.054965
61 0.050820
42 0.044135
55 0.061279
60 0.047458
51 0.043137
53 0.052250
59 0.054354
60 0.044068
57 0.048872
50 0.048980
47 0.060130
46 0.043478
55 0.047811
48 0.045213
53 0.055878
59 0.047925
34 0.067736
53 0.041364
56 0.043506
43 0.044297
57 0.048246
47 0.056429
49 0.051871
63 0.055812
44 0.062368
44 0.047569
42 0.049942
49 0.052721
47 0.055504
48 0.051418
51 0.041569
45 0.065657
54 0.055206
44 0.049683
45 0.056566
54 0.055905
54 0.051712
52 0.060332
54 0.039832
49 0.052721
41 0.052439
56 0.047403
53 0.049347
43 0.048726
54 0.045423
49 0.038265
53 0.060958
59 0.042665
41 0.052439
45 0.050505
54 0.051712
47 0.064755
42 0.048780
51 0.046275
62 0.043892
40 0.058974
46 0.042512
51 0.053333
53 0.064586
50 0.037551
39 0.062078
61 0.055738
49 0.049320
47 0.052729
53 0.044267
56 0.051299
60 0.048588
48 0.047872
58 0.054446
41 0.053659
46 0.057005
33 0.049242
46 0.053140
58 0.053237
54 0.045423
47 0.047179
61 0.050820
43 0.062016
45 0.057576
39 0.044534
54 0.051013
53 0.061684
52 0.043741
56 0.052597
37 0.039039
56 0.040260
50 0.050612
48 0.045213
54 0.047519
40 0.051282
45 0.062626
53 0.042090
54 0.051013
63 0.047619
49 0.050170
65 0.048558
44 0.047569
46 0.053140
45 0.049495
59 0.049679
43 0.055371
56 0.050000
51 0.047059
52 0.052036
33 0.066288
45 0.037374
37 0.063063
43 0.040975
57 0.059524
41 0.056098
39 0.048583
45 0.044444
55 0.046465
58 0.058076
43 0.050941
41 0.050000
63 0.048643
46 0.050242
52 0.048265
60 0.044068
54 0.042628
54 0.058001
50 0.042449
51 0.055686
62 0.039133
46 0.050242
50 0.055510
46 0.038647
44 0.056025
47 0.052729
53 0.037736
53 0.046444
45 0.054545
60 0.049153
49 0.056122
54 0.047519
53 0.051524
50 0.053878
46 0.052174
43 0.058693
45 0.046465
37 0.042042
38 0.065434
43 0.050941
46 0.049275
50 0.054694
60 0.053672
53 0.058781
39 0.048583
58 0.047187
43 0.060908
48 0.047872
52 0.049020
46 0.053140
50 0.054694
48 0.049645
52 0.046003
45 0.056566
43 0.047619
52 0.055053
46 0.052174
37 0.049550
50 0.056327
59 0.053185
52 0.057315
54 0.054507
47 0.059204
53 0.049347
48 0.052305
41 0.045122
70 0.051760
55 0.045118
48 0.040780
43 0.042082
42 0.046458
59 0.048510
52 0.055053
64 0.048115
54 0.058700
41 0.050000
48 0.060284
55 0.059259
58 0.049002
48 0.046986
46 0.056039
47 0.046253
45 0.055556
56 0.048052
66 0.051282
57 0.046992
51 0.035294
46 0.050242
49 0.061224
52 0.049020
54 0.046122
61 0.040437
50 0.053061
50 0.044082
62 0.054997
61 0.038798
54 0.043326
51 0.053333
57 0.050125
39 0.053981
53 0.046444
53 0.055878
47 0.050879
50 0.051429
48 0.070035
58 0.040532
59 0.048510
51 0.056471
49 0.044218
50 0.045714
60 0.050282
52 0.044495
59 0.060199
45 0.045455
51 0.054902
39 0.056680
54 0.059399
50 0.051429
42 0.055749
51 0.066667
64 0.044147
57 0.057018
58 0.044162
41 0.045122
53 0.044993
51 0.054118
47 0.046253
46 0.044444
56 0.053896
48 0.054078
51 0.065098
42 0.041812
51 0.054902
63 0.047619
49 0.051871
66 0.048951
53 0.055878
55 0.054545
60 0.049718
47 0.040703
50 0.051429
42 0.065041
48 0.047872
48 0.045213
45 0.038384
41 0.041463
50 0.051429
36 0.038095
46 0.052174
41 0.037805
48 0.039007
54 0.049616
38 0.056899
52 0.042986
57 0.060150
47 0.054579
53 0.054427
55 0.042424
50 0.053878
43 0.056478
59 0.056108
61 0.048087
42 0.044135
48 0.054078
46 0.063768
44 0.044397
55 0.047138
48 0.049645
50 0.047347
