0 0
2 3
3 2
5 7
7 5
9 12
11 15
12 9
14 20
15 11
17 22
19 33
20 14
22 17
24 32
26 35
28 58
29 40
31 38
32 24
33 19
35 26
37 53
38 31
40 29
42 52
44 75
45 60
47 65
49 70
50 62
52 42
53 37
55 68
57 79
58 28
60 45
62 50
64 87
65 47
67 86
68 55
70 49
72 92
74 99
75 44
77 101
79 57
81 174
82 118
83 110
85 113
86 67
87 64
89 123
90 116
92 72
94 129
95 127
97 126
99 74
101 77
103 136
105 199
106 146
108 145
110 83
112 166
113 85
115 246
116 90
118 82
120 161
122 160
123 89
125 164
126 97
127 95
129 94
131 309
132 182
133 177
135 198
136 103
138 180
139 156
141 239
142 190
143 186
145 108
146 106
148 203
149 195
151 340
152 197
154 232
156 139
158 218
160 122
161 120
163 229
164 125
166 112
168 215
170 286
171 228
172 224
174 81
176 350
177 133
179 298
180 138
182 132
184 253
185 236
186 143
188 268
189 259
190 142
192 241
194 256
195 149
197 152
198 135
199 105
201 266
203 148
205 281
207 274
208 264
210 271
212 322
213 317
214 278
215 168
217 289
218 158
220 327
221 280
223 315
224 172
226 301
228 171
229 163
231 332
232 154
234 307
236 185
238 372
239 141
241 192
243 391
244 325
245 313
246 115
248 306
250 321
252 305
253 184
255 339
256 194
258 565
259 189
261 346
263 359
264 208
266 201
268 188
270 375
271 210
273 521
274 207
276 358
278 214
280 221
281 205
283 370
285 362
286 170
288 379
289 217
291 456
293 367
295 390
296 386
298 179
300 432
301 226
303 415
305 252
306 248
307 234
309 131
311 464
312 411
313 245
315 223
317 213
319 408
321 250
322 212
324 501
325 244
327 220
329 435
331 702
332 231
334 454
336 545
337 489
338 449
339 255
340 151
342 496
343 446
345 445
346 261
348 558
349 467
350 176
352 461
354 590
355 577
356 532
357 479
358 276
359 263
361 478
362 285
364 494
366 527
367 293
369 520
370 283
372 238
374 509
375 270
377 505
379 288
381 639
382 553
384 470
386 296
388 485
390 295
391 243
393 518
395 474
397 511
399 487
400 483
402 588
404 601
405 531
407 530
408 319
410 568
411 312
413 537
415 303
417 586
419 557
420 541
421 529
423 525
425 580
427 560
429 719
430 624
431 570
432 300
434 549
435 329
437 574
439 603
440 600
442 683
443 556
445 345
446 343
448 614
449 338
451 871
452 651
453 620
454 334
456 291
458 772
459 671
460 596
461 352
463 661
464 311
466 666
467 349
469 610
470 384
472 761
473 632
474 395
476 760
477 691
478 361
479 357
481 660
483 400
485 388
487 399
489 337
491 726
492 635
494 364
496 342
498 673
499 646
501 324
503 653
504 649
505 377
507 788
508 648
509 374
511 397
513 776
514 716
515 664
516 658
518 393
520 369
521 273
523 740
525 423
527 366
529 421
530 407
531 405
532 356
534 893
535 855
537 413
539 752
540 735
541 420
543 723
545 336
547 825
548 800
549 434
551 697
553 382
555 711
556 443
557 419
558 348
560 427
562 1202
563 771
564 693
565 258
567 737
568 410
570 431
572 744
574 437
576 766
577 355
579 780
580 425
582 986
583 768
585 748
586 417
588 402
590 354
592 877
593 811
594 805
595 722
596 460
598 1599
599 828
600 440
601 404
603 439
605 866
606 845
607 810
609 849
610 469
612 842
614 448
616 831
617 822
619 787
620 453
622 818
624 430
626 799
628 785
630 836
632 473
634 778
635 492
637 879
639 381
641 886
643 899
644 827
646 499
648 508
649 504
651 452
653 503
655 1046
656 918
657 876
658 516
660 481
661 463
663 870
664 515
666 466
668 989
669 929
671 459
673 498
675 985
676 857
678 912
679 904
680 896
682 1107
683 442
685 869
687 964
689 920
691 477
693 564
695 883
697 551
699 946
700 937
702 331
704 948
706 910
708 957
710 892
711 555
713 996
714 935
716 514
718 969
719 429
721 976
722 595
723 543
725 1358
726 491
728 1010
730 917
732 924
734 1167
735 540
737 567
739 1062
740 523
742 1036
743 1007
744 572
746 1065
747 1000
748 585
750 982
751 944
752 539
754 1020
756 1013
757 995
759 1854
760 476
761 472
763 991
765 1038
766 576
768 583
770 1150
771 563
772 458
774 1017
776 513
778 634
780 579
782 1032
784 1085
785 628
787 619
788 507
790 1082
791 1061
793 1090
794 956
796 1029
797 1023
799 626
800 548
802 1777
803 1072
805 594
807 1081
808 1079
810 607
811 593
813 1118
814 1117
815 1110
816 1040
818 622
820 1131
822 617
824 1070
825 547
827 644
828 599
830 1098
831 616
833 1053
835 1122
836 630
838 1201
839 1165
841 1322
842 612
844 1241
845 606
847 1225
848 1120
849 609
851 1190
852 1106
853 1076
855 535
857 676
859 1145
861 1206
862 1180
863 1130
864 1055
866 605
868 1156
869 685
870 663
871 451
873 1384
874 1212
875 1102
876 657
877 592
879 637
881 1194
882 1175
883 695
885 1164
886 641
888 1192
890 1186
892 710
893 534
895 1285
896 680
898 1227
899 643
901 2018
902 1211
904 679
906 1208
908 1261
909 1231
910 706
912 678
914 1245
915 1214
917 730
918 656
920 689
922 1394
923 1269
924 732
926 1363
927 1243
929 669
931 1274
933 1307
935 714
937 700
939 1405
940 1268
942 1381
943 1219
944 751
946 699
948 704
950 1265
952 1314
954 1254
956 794
957 708
959 1311
960 1297
962 1420
963 1295
964 687
966 1390
967 1279
969 718
971 1337
972 1302
973 1248
975 3859
976 721
978 1284
980 1547
981 1348
982 750
984 1317
985 675
986 582
988 1451
989 668
991 763
993 1378
994 1329
995 757
996 713
998 1812
999 1372
1000 747
1002 1336
1004 1461
1005 1400
1006 1346
1007 743
1009 1366
1010 728
1012 1361
1013 756
1015 1465
1016 1432
1017 774
1019 1419
1020 754
1022 1477
1023 797
1025 1376
1027 1292
1029 796
1031 1633
1032 782
1034 1389
1035 1371
1036 742
1038 765
1040 816
1042 1527
1043 1334
1045 1387
1046 655
1048 1458
1050 2369
1051 1331
1053 833
1055 864
1057 1695
1058 1414
1060 1408
1061 791
1062 739
1064 1446
1065 746
1067 1543
1068 1521
1069 1413
1070 824
1072 803
1074 1514
1075 1492
1076 853
1078 1428
1079 808
1081 807
1082 790
1084 1687
1085 784
1087 1499
1088 1457
1089 1397
1090 793
1092 1468
1094 1455
1096 1443
1098 830
1100 1425
1102 875
1104 1464
1106 852
1107 682
1109 1481
1110 815
1112 1606
1113 1539
1115 1758
1116 1484
1117 814
1118 813
1120 848
1122 835
1124 1510
1125 1449
1127 1626
1129 1516
1130 863
1131 820
1133 1575
1134 1509
1136 1532
1137 1502
1139 1537
1140 1438
1142 1563
1143 1470
1144 1403
1145 859
1147 2604
1148 1674
1149 1581
1150 770
1152 1541
1153 1536
1155 1534
1156 868
1158 1569
1159 1529
1161 1525
1163 1592
1164 885
1165 839
1167 734
1169 1561
1171 1612
1173 1619
1174 1491
1175 882
1177 2077
1178 1577
1180 862
1182 2623
1183 1560
1185 1665
1186 890
1188 1611
1190 851
1192 888
1194 881
1196 1906
1197 1590
1199 1653
1200 1636
1201 838
1202 562
1204 1679
1206 861
1208 906
1210 2455
1211 902
1212 874
1214 915
1216 1736
1217 1625
1219 943
1221 1640
1223 1929
1224 1717
1225 847
1227 898
1229 1617
1231 909
1233 1730
1235 1678
1236 1651
1237 1643
1238 1622
1239 1580
1241 844
1243 927
1245 914
1247 1605
1248 973
1250 1820
1251 1746
1253 1721
1254 954
1256 2215
1257 1799
1258 1661
1260 1708
1261 908
1263 1769
1264 1713
1265 950
1267 1795
1268 940
1269 923
1271 2004
1272 1707
1274 931
1276 1694
1278 1692
1279 967
1281 1682
1283 1664
1284 978
1285 895
1287 1882
1289 1702
1290 1684
1292 1027
1294 1866
1295 963
1297 960
1299 1845
1300 1756
1301 1710
1302 972
1304 1825
1305 1765
1307 933
1309 1832
1310 1774
1311 959
1313 2810
1314 952
1316 1767
1317 984
1319 1811
1320 1754
1322 841
1324 2388
1325 1787
1327 1729
1329 994
1331 1051
1333 2140
1334 1043
1336 1002
1337 971
1339 1822
1340 1785
1342 1850
1343 1802
1344 1782
1346 1006
1348 981
1350 2840
1351 2288
1352 1842
1354 1831
1356 1888
1357 1762
1358 725
1360 1838
1361 1012
1363 926
1365 1879
1366 1009
1368 1884
1369 1878
1370 1859
1371 1035
1372 999
1374 2836
1375 2036
1376 1025
1378 993
1380 1824
1381 942
1383 1919
1384 873
1386 1904
1387 1045
1389 1034
1390 966
1392 1863
1394 922
1396 1901
1397 1089
1399 1978
1400 1005
1402 1966
1403 1144
1405 939
1407 1914
1408 1060
1410 1877
1412 2042
1413 1069
1414 1058
1416 1847
1418 1772
1419 1019
1420 962
1422 1935
1424 2040
1425 1100
1427 2981
1428 1078
1430 1837
1432 1016
1434 1975
1436 1953
1437 1923
1438 1140
1440 2051
1441 1994
1442 1869
1443 1096
1445 2209
1446 1064
1448 1949
1449 1125
1451 988
1453 2007
1455 1094
1457 1088
1458 1048
1460 1947
1461 1004
1463 2011
1464 1104
1465 1015
1467 2230
1468 1092
1470 1143
1472 1942
1474 2205
1475 1922
1477 1022
1479 2031
1480 1941
1481 1109
1483 2134
1484 1116
1486 2657
1487 2026
1489 2107
1490 2030
1491 1174
1492 1075
1494 1992
1495 1964
1497 1997
1499 1087
1501 2098
1502 1137
1504 1986
1505 1970
1507 2003
1508 1981
1509 1134
1510 1124
1512 2191
1513 2088
1514 1074
1516 1129
1518 2096
1520 1972
1521 1068
1523 3303
1524 2059
1525 1161
1527 1042
1529 1159
1531 2076
1532 1136
1534 1155
1536 1153
1537 1139
1539 1113
1541 1152
1543 1067
1545 2390
1546 2056
1547 980
1549 2421
1550 2094
1551 2070
1553 2129
1554 2033
1555 2029
1557 2116
1559 3159
1560 1183
1561 1169
1563 1142
1565 2067
1566 2050
1568 2105
1569 1158
1571 2001
1573 2256
1574 2161
1575 1133
1577 1178
1579 2103
1580 1239
1581 1149
1583 2338
1584 2180
1586 2148
1587 2137
1588 2100
1589 2080
1590 1197
1592 1163
1594 2168
1596 3385
1597 2085
1599 598
1601 2195
1603 2152
1604 2142
1605 1247
1606 1112
1608 2329
1609 2281
1610 2203
1611 1188
1612 1171
1614 2198
1616 2176
1617 1229
1619 1173
1621 2184
1622 1238
1624 2669
1625 1217
1626 1127
1628 2194
1630 2145
1632 3560
1633 1031
1635 2302
1636 1200
1638 2229
1640 1221
1642 2224
1643 1237
1645 2954
1646 2298
1647 2276
1648 2255
1650 2239
1651 1236
1653 1199
1655 2310
1657 2182
1659 2217
1661 1258
1663 2193
1664 1283
1665 1185
1667 2640
1668 2366
1669 2356
1670 2174
1672 2293
1673 2202
1674 1148
1676 2347
1678 1235
1679 1204
1681 2271
1682 1281
1684 1290
1686 3335
1687 1084
1689 2437
1690 2237
1691 2222
1692 1278
1694 1276
1695 1057
1697 4572
1698 2297
1699 2268
1700 2261
1701 2234
1702 1289
1704 2132
1706 2287
1707 1272
1708 1260
1710 1301
1712 2246
1713 1264
1715 2607
1716 2439
1717 1224
1719 2341
1721 1253
1723 2368
1724 2322
1726 2335
1728 2283
1729 1327
1730 1233
1732 2376
1734 3235
1735 2495
1736 1216
1738 2427
1740 2490
1741 2163
1743 2362
1744 2350
1745 2318
1746 1251
1748 3156
1749 2453
1751 2254
1753 2345
1754 1320
1756 1300
1758 1115
1760 2426
1761 2317
1762 1357
1764 2406
1765 1305
1767 1316
1769 1263
1771 2538
1772 1418
1774 1310
1776 2381
1777 802
1779 2557
1780 2411
1781 2385
1782 1344
1784 2449
1785 1340
1787 1325
1789 2402
1790 2358
1792 2393
1794 2404
1795 1267
1797 2910
1798 2375
1799 1257
1801 3252
1802 1343
1804 2516
1805 2332
1807 2435
1808 2420
1810 2473
1811 1319
1812 998
1814 2365
1816 3712
1817 2400
1818 2398
1820 1250
1822 1339
1824 1380
1825 1304
1827 2957
1828 2469
1830 2415
1831 1354
1832 1309
1834 2634
1835 2459
1837 1430
1838 1360
1840 2751
1841 2523
1842 1352
1844 2493
1845 1299
1847 1416
1849 2485
1850 1342
1852 2879
1854 759
1856 2720
1857 2551
1858 2444
1859 1370
1861 3273
1862 2613
1863 1392
1865 2513
1866 1294
1868 3991
1869 1442
1871 2505
1873 2395
1875 2830
1876 2502
1877 1410
1878 1369
1879 1365
1881 2576
1882 1287
1884 1368
1886 2773
1888 1356
1890 2525
1891 2462
1893 2743
1894 2572
1896 2709
1897 2511
1899 2600
1900 2515
1901 1396
1903 2567
1904 1386
1906 1196
1908 4079
1909 2509
1911 2564
1913 2530
1914 1407
1916 2592
1917 2575
1919 1383
1921 2708
1922 1475
1923 1437
1925 2550
1926 2549
1927 2492
1929 1223
1931 4030
1932 2700
1933 2665
1934 2642
1935 1422
1937 2597
1938 2570
1940 2548
1941 1480
1942 1472
1944 2661
1947 1460
1949 1448
1951 2789
1952 2689
1953 1436
1955 2675
1956 2647
1958 2632
1959 2616
1961 2931
1963 2761
1964 1495
1966 1402
1968 2953
1969 2691
1970 1505
1972 1520
1974 2611
1975 1434
1977 2673
1978 1399
1980 2986
1981 1508
1983 2645
1985 2738
1986 1504
1988 2687
1989 2546
1991 2707
1992 1494
1994 1441
1996 2780
1997 1497
1999 2704
2001 1571
2003 1507
2004 1271
2006 3078
2007 1453
2009 2682
2011 1463
2013 2556
2015 2729
2016 2684
2018 901
2020 2938
2021 2702
2023 2779
2025 2671
2026 1487
2028 3048
2029 1555
2030 1490
2031 1479
2033 1554
2035 4593
2036 1375
2038 2832
2039 2627
2040 1424
2042 1412
2044 3121
2045 2785
2047 2749
2048 2668
2050 1566
2051 1440
2053 4805
2055 2747
2056 1546
2058 2733
2059 1524
2061 3037
2062 2759
2064 2806
2066 2754
2067 1565
2069 2902
2070 1551
2072 2816
2074 2809
2076 1531
2077 1177
2079 2850
2080 1589
2082 3254
2083 3207
2084 2856
2085 1597
2087 2798
2088 1513
2090 2956
2091 2768
2092 2746
2094 1550
2096 1518
2098 1501
2100 1588
2102 2891
2103 1579
2105 1568
2107 1489
2109 3138
2110 2864
2111 2758
2113 2883
2114 2804
2116 1557
2118 4706
2119 2788
2121 2925
2122 2921
2124 2899
2125 2834
2126 2826
2128 2778
2129 1553
2131 3334
2132 1704
2134 1483
2137 1587
2139 2882
2140 1333
2142 1604
2144 3811
2145 1630
2147 2881
2148 1586
2150 3039
2151 2869
2152 1603
2154 2970
2155 2862
2157 4055
2158 2814
2160 2919
2161 1574
2163 1741
2165 2792
2167 2943
2168 1594
2170 2873
2172 3020
2173 2843
2174 1670
2176 1616
2178 2927
2179 2917
2180 1584
2182 1657
2184 1621
2186 3478
2187 2846
2189 2985
2191 1512
2193 1663
2194 1628
2195 1601
2197 3244
2198 1614
2200 2915
2202 1673
2203 1610
2205 1474
2207 3067
2208 3036
2209 1445
2211 3908
2212 2905
2214 3024
2215 1256
2217 1659
2219 2946
2221 3261
2222 1691
2224 1642
2226 3229
2227 3015
2228 2997
2229 1638
2230 1467
2232 3064
2233 2972
2234 1701
2236 2960
2237 1690
2239 1650
2241 3061
2242 3007
2244 2974
2246 1712
2248 3119
2249 3001
2251 3148
2252 3089
2253 3026
2254 1751
2255 1648
2256 1573
2258 3110
2259 3099
2260 2979
2261 1700
2263 3433
2265 2993
2267 3046
2268 1699
2270 3006
2271 1681
2273 3338
2274 3032
2275 3004
2276 1647
2279 3589
2280 3097
2281 1609
2283 1728
2285 3031
2287 1706
2288 1351
2290 3172
2292 3333
2293 1672
2295 3057
2297 1698
2298 1646
2300 3193
2301 3084
2302 1635
2304 3460
2305 3163
2306 3125
2308 3130
2310 1655
2312 3118
2314 3425
2316 3128
2317 1761
2318 1745
2320 3218
2321 3082
2322 1724
2324 3117
2326 3250
2328 3012
2329 1608
2331 3113
2332 1805
2334 3202
2335 1726
2338 1583
2340 3570
2341 1719
2343 3396
2344 3145
2345 1753
2347 1676
2349 3763
2350 1744
2352 3519
2353 3197
2354 3101
2356 1669
2358 1790
2360 3423
2361 3217
2362 1743
2364 4038
2365 1814
2366 1668
2368 1723
2369 1050
2371 3585
2372 3289
2373 3247
2374 3177
2375 1798
2376 1732
2378 3731
2379 3213
2380 3106
2381 1776
2383 3201
2384 3169
2385 1781
2387 3314
2388 1324
2390 1545
2392 3182
2393 1792
2395 1873
2397 3810
2398 1818
2400 1817
2402 1789
2404 1794
2406 1764
2408 3359
2409 3190
2411 1780
2413 3179
2415 1830
2417 3103
2419 3512
2420 1808
2421 1549
2423 3258
2425 4507
2426 1760
2427 1738
2429 3393
2431 3116
2433 3341
2434 3225
2435 1807
2437 1689
2439 1716
2441 3327
2442 3317
2443 3302
2444 1858
2446 3269
2448 4240
2449 1784
2451 3281
2452 3232
2453 1749
2455 1210
2457 3351
2459 1835
2461 3552
2462 1891
2465 3206
2467 3413
2469 1828
2472 3246
2473 1810
2475 3299
2477 3864
2478 3598
2479 3287
2481 3500
2482 3345
2484 3286
2485 1849
2487 3498
2488 3297
2489 3294
2490 1740
2492 1927
2493 1844
2495 1735
2497 4154
2498 3495
2499 3325
2501 3384
2502 1876
2504 3941
2505 1871
2507 3358
2508 3355
2509 1909
2511 1897
2513 1865
2515 1900
2516 1804
2518 3441
2519 3381
2520 3374
2521 3350
2523 1841
2525 1890
2527 3471
2529 3368
2530 1913
2532 3412
2533 3379
2535 3534
2537 3323
2538 1771
2540 3838
2541 3693
2542 3544
2543 3488
2544 3405
2546 1989
2548 1940
2549 1926
2550 1925
2551 1857
2553 3924
2554 3395
2555 3391
2556 2013
2557 1779
2559 3592
2560 3538
2561 3241
2563 3510
2564 1911
2566 3502
2567 1903
2569 3422
2570 1938
2572 1894
2574 3699
2575 1917
2576 1881
2578 3536
2579 3467
2580 3459
2581 3454
2582 3377
2584 3684
2585 3475
2586 3343
2587 3312
2590 3722
2592 1916
2594 3409
2595 3372
2597 1937
2599 3466
2600 1899
2602 3558
2604 1147
2606 3518
2607 1715
2609 3464
2611 1974
2613 1862
2615 4125
2616 1959
2618 3628
2619 3605
2620 3601
2621 3525
2623 1182
2625 3739
2626 3418
2627 2039
2629 3578
2630 3508
2632 1958
2634 1834
2636 3667
2637 3480
2638 3463
2640 1667
2642 1934
2644 3621
2645 1983
2647 1956
2649 4089
2650 3671
2651 3547
2652 3449
2654 3367
2656 3584
2657 1486
2659 3569
2661 1944
2663 4619
2664 3506
2665 1933
2667 3772
2668 2048
2669 1624
2671 2025
2673 1977
2675 1955
2677 3748
2678 3720
2679 3658
2680 3529
2682 2009
2684 2016
2687 1988
2689 1952
2691 1969
2693 4018
2694 3614
2696 3565
2698 3844
2699 3638
2700 1932
2702 2021
2704 1999
2706 3640
2707 1991
2708 1921
2709 1896
2711 3977
2712 3619
2714 4162
2715 3665
2717 3643
2718 3549
2720 1856
2722 4815
2723 3600
2725 4479
2726 3635
2728 3814
2729 2015
2731 3852
2732 3727
2733 2058
2735 3759
2736 3689
2737 3651
2738 1985
2740 3832
2741 3676
2742 3647
2743 1893
2745 3898
2746 2092
2747 2055
2749 2047
2751 1840
2753 3917
2754 2066
2756 3719
2757 3673
2758 2111
2759 2062
2761 1963
2763 4052
2765 3698
2767 3825
2768 2091
2770 3974
2771 3709
2773 1886
2775 3705
2777 4012
2778 2128
2779 2023
2780 1996
2782 3681
2784 3890
2785 2045
2787 4608
2788 2119
2789 1951
2791 3656
2792 2165
2794 3862
2795 3714
2797 3957
2798 2087
2800 3762
2801 3733
2802 3704
2804 2114
2806 2064
2808 3769
2809 2074
2810 1313
2812 3848
2813 3787
2814 2158
2816 2072
2818 3743
2820 3854
2823 3771
2825 3756
2826 2126
2828 4075
2829 3724
2830 1875
2832 2038
2834 2125
2836 1374
2838 3999
2839 3793
2840 1350
2842 4745
2843 2173
2845 3888
2846 2187
2848 3932
2849 3886
2850 2079
2852 4550
2853 3824
2855 3777
2856 2084
2858 3955
2859 3882
2860 3781
2861 3776
2862 2155
2864 2110
2866 3809
2867 3737
2869 2151
2871 4390
2872 4186
2873 2170
2875 3907
2876 3767
2878 4044
2879 1852
2881 2147
2882 2139
2883 2113
2886 3900
2889 3880
2891 2102
2893 4011
2895 3835
2897 4782
2898 3801
2899 2124
2901 3995
2902 2069
2904 4336
2905 2212
2907 3935
2909 3822
2910 1797
2912 3916
2914 3971
2915 2200
2917 2179
2919 2160
2921 2122
2923 4197
2924 4109
2925 2121
2927 2178
2929 3927
2930 3872
2931 1961
2933 4192
2934 4135
2936 3923
2938 2020
2940 3841
2941 3798
2943 2167
2945 4152
2946 2219
2948 3948
2950 3944
2952 4027
2953 1968
2954 1645
2956 2090
2957 1827
2959 4138
2960 2236
2962 4199
2963 4160
2964 3921
2966 4082
2967 3896
2968 3795
2970 2154
2972 2233
2974 2244
2976 4151
2977 3982
2978 3966
2979 2260
2981 1427
2983 3998
2985 2189
2986 1980
2988 4779
2989 4231
2990 4121
2991 4081
2993 2265
2995 4074
2996 3965
2997 2228
2999 4363
3000 4060
3001 2249
3003 4302
3004 2275
3006 2270
3007 2242
3009 4237
3010 4017
3011 3952
3012 2328
3014 4443
3015 2227
3017 4010
3019 4037
3020 2172
3023 4103
3024 2214
3026 2253
3028 4176
3029 4141
3030 3914
3031 2285
3032 2274
3034 4107
3035 4070
3036 2208
3037 2061
3039 2150
3041 4111
3043 4051
3045 4128
3046 2267
3048 2028
3050 4249
3051 4016
3053 4097
3055 3961
3057 2295
3059 4700
3060 4049
3061 2241
3063 4330
3064 2232
3066 3877
3067 2207
3069 4278
3072 4150
3074 4057
3076 3821
3078 2006
3080 4263
3081 4033
3082 2321
3084 2301
3086 4140
3087 4100
3089 2252
3091 4447
3092 4234
3093 4219
3094 4120
3096 4223
3097 2280
3099 2259
3101 2354
3103 2417
3105 4324
3106 2380
3108 4449
3110 2258
3112 4503
3113 2331
3115 4222
3116 2431
3117 2324
3118 2312
3119 2248
3121 2044
3123 4119
3125 2306
3127 4173
3128 2316
3130 2308
3132 4429
3133 4184
3136 4195
3137 4146
3138 2109
3140 4262
3143 4210
3145 2344
3147 4209
3148 2251
3150 4026
3152 4253
3153 4169
3156 1748
3158 4243
3159 1559
3162 4272
3163 2305
3165 4182
3167 4563
3168 4361
3169 2384
3171 4543
3172 2290
3174 4683
3175 4271
3177 2374
3179 2413
3181 4300
3182 2392
3184 4395
3187 4068
3189 4291
3190 2409
3192 4296
3193 2300
3195 4247
3197 2353
3199 4348
3201 2383
3202 2334
3204 4307
3206 2465
3207 2083
3209 4338
3211 4261
3212 4172
3213 2379
3215 4314
3216 4277
3217 2361
3218 2320
3220 4343
3221 4319
3223 4992
3224 4506
3225 2434
3227 4495
3228 4446
3229 2226
3231 4425
3232 2452
3234 4373
3235 1734
3237 4375
3239 4305
3241 2561
3243 4528
3244 2197
3246 2472
3247 2373
3249 4454
3250 2326
3252 1801
3254 2082
3256 4471
3257 4345
3258 2423
3260 4610
3261 2221
3264 4581
3265 4290
3268 4547
3269 2446
3271 4549
3272 4310
3273 1861
3275 4356
3277 4539
3278 4270
3280 4165
3281 2451
3283 4526
3285 4341
3286 2484
3287 2479
3289 2372
3291 4493
3293 4473
3294 2489
3296 4546
3297 2488
3299 2475
3301 4678
3302 2443
3303 1523
3306 4453
3308 4452
3309 4442
3310 4384
3312 2587
3314 2387
3316 4466
3317 2442
3320 4288
3322 4511
3323 2537
3325 2499
3327 2441
3329 4416
3331 4298
3333 2292
3334 2131
3335 1686
3337 4317
3338 2273
3341 2433
3343 2586
3345 2482
3347 4663
3348 4635
3349 4523
3350 2521
3351 2457
3354 4744
3355 2508
3357 4519
3358 2507
3359 2408
3361 4383
3364 4522
3366 4525
3367 2654
3368 2529
3370 4650
3371 4552
3372 2595
3374 2520
3377 2582
3379 2533
3381 2519
3383 4438
3384 2501
3385 1596
3387 4399
3389 4914
3390 4622
3391 2555
3393 2429
3395 2554
3396 2343
3398 4532
3399 4468
3400 4372
3402 4559
3404 4434
3405 2544
3407 4489
3409 2594
3411 4579
3412 2532
3413 2467
3415 4810
3417 4725
3418 2626
3421 4631
3422 2569
3423 2360
3425 2314
3427 4897
3428 4691
3429 4605
3430 4478
3432 4398
3433 2263
3435 4690
3436 4601
3438 4487
3440 4712
3441 2518
3443 4571
3446 4675
3447 4670
3448 4599
3449 2652
3452 4567
3453 4437
3454 2581
3457 4803
3458 4595
3459 2580
3460 2304
3462 4945
3463 2638
3464 2609
3466 2599
3467 2579
3469 4578
3471 2527
3473 4892
3474 4856
3475 2585
3477 4708
3478 2186
3480 2637
3482 4660
3483 4628
3485 4733
3486 4621
3488 2543
3490 4882
3491 4717
3492 4674
3494 4809
3495 2498
3497 4681
3498 2487
3500 2481
3502 2566
3505 4847
3506 2664
3508 2630
3510 2563
3512 2419
3514 4836
3515 4742
3517 4751
3518 2606
3519 2352
3521 4657
3524 4763
3525 2621
3527 4876
3528 4761
3529 2680
3531 4969
3532 4722
3534 2535
3536 2578
3538 2560
3540 4789
3542 4181
3544 2542
3547 2651
3549 2718
3551 4773
3552 2461
3555 4850
3557 4832
3558 2602
3560 1632
3562 4705
3565 2696
3567 4941
3568 4644
3569 2659
3570 2340
3574 4786
3576 4921
3577 4740
3578 2629
3580 4768
3582 4979
3583 4778
3584 2656
3585 2371
3588 4967
3589 2279
3591 4928
3592 2559
3594 4818
3595 4772
3596 4586
3598 2478
3600 2723
3601 2620
3603 4839
3605 2619
3607 4428
3609 4801
3612 4889
3613 4652
3614 2694
3616 4939
3617 4871
3619 2712
3621 2644
3623 4821
3625 4765
3628 2618
3631 4935
3633 4926
3634 4807
3635 2726
3637 4845
3638 2699
3640 2706
3642 4977
3643 2717
3645 4814
3647 2742
3651 2737
3654 4959
3655 4907
3656 2791
3658 2679
3661 4972
3662 4878
3663 4771
3665 2715
3667 2636
3669 4865
3671 2650
3673 2757
3675 4888
3676 2741
3680 4956
3681 2782
3684 2584
3686 4775
3689 2736
3692 4948
3693 2541
3698 2765
3699 2574
3704 2802
3705 2775
3709 2771
3712 1816
3714 2795
3717 4903
3719 2756
3720 2678
3722 2590
3724 2829
3726 4932
3727 2732
3731 2378
3733 2801
3737 2867
3739 2625
3742 5000
3743 2818
3748 2677
3750 4732
3753 4953
3756 2825
3759 2735
3762 2800
3763 2349
3767 2876
3769 2808
3771 2823
3772 2667
3776 2861
3777 2855
3781 2860
3787 2813
3793 2839
3795 2968
3798 2941
3801 2898
3809 2866
3810 2397
3811 2144
3814 2728
3821 3076
3822 2909
3824 2853
3825 2767
3832 2740
3835 2895
3838 2540
3841 2940
3844 2698
3848 2812
3852 2731
3854 2820
3859 975
3862 2794
3864 2477
3872 2930
3877 3066
3880 2889
3882 2859
3886 2849
3888 2845
3890 2784
3896 2967
3898 2745
3900 2886
3907 2875
3908 2211
3914 3030
3916 2912
3917 2753
3921 2964
3923 2936
3924 2553
3927 2929
3932 2848
3935 2907
3941 2504
3944 2950
3948 2948
3952 3011
3955 2858
3957 2797
3961 3055
3965 2996
3966 2978
3971 2914
3974 2770
3977 2711
3982 2977
3991 1868
3995 2901
3998 2983
3999 2838
4010 3017
4011 2893
4012 2777
4016 3051
4017 3010
4018 2693
4026 3150
4027 2952
4030 1931
4033 3081
4037 3019
4038 2364
4044 2878
4049 3060
4051 3043
4052 2763
4055 2157
4057 3074
4060 3000
4068 3187
4070 3035
4074 2995
4075 2828
4079 1908
4081 2991
4082 2966
4089 2649
4097 3053
4100 3087
4103 3023
4107 3034
4109 2924
4111 3041
4119 3123
4120 3094
4121 2990
4125 2615
4128 3045
4135 2934
4138 2959
4140 3086
4141 3029
4146 3137
4150 3072
4151 2976
4152 2945
4154 2497
4160 2963
4162 2714
4165 3280
4169 3153
4172 3212
4173 3127
4176 3028
4181 3542
4182 3165
4184 3133
4186 2872
4192 2933
4195 3136
4197 2923
4199 2962
4209 3147
4210 3143
4219 3093
4222 3115
4223 3096
4231 2989
4234 3092
4237 3009
4240 2448
4243 3158
4247 3195
4249 3050
4253 3152
4261 3211
4262 3140
4263 3080
4270 3278
4271 3175
4272 3162
4277 3216
4278 3069
4288 3320
4290 3265
4291 3189
4296 3192
4298 3331
4300 3181
4302 3003
4305 3239
4307 3204
4310 3272
4314 3215
4317 3337
4319 3221
4324 3105
4330 3063
4336 2904
4338 3209
4341 3285
4343 3220
4345 3257
4348 3199
4356 3275
4361 3168
4363 2999
4372 3400
4373 3234
4375 3237
4383 3361
4384 3310
4390 2871
4395 3184
4398 3432
4399 3387
4416 3329
4425 3231
4428 3607
4429 3132
4434 3404
4437 3453
4438 3383
4442 3309
4443 3014
4446 3228
4447 3091
4449 3108
4452 3308
4453 3306
4454 3249
4466 3316
4468 3399
4471 3256
4473 3293
4478 3430
4479 2725
4487 3438
4489 3407
4493 3291
4495 3227
4503 3112
4506 3224
4507 2425
4511 3322
4519 3357
4522 3364
4523 3349
4525 3366
4526 3283
4528 3243
4532 3398
4539 3277
4543 3171
4546 3296
4547 3268
4549 3271
4550 2852
4552 3371
4559 3402
4563 3167
4567 3452
4571 3443
4572 1697
4578 3469
4579 3411
4581 3264
4586 3596
4593 2035
4595 3458
4599 3448
4601 3436
4605 3429
4608 2787
4610 3260
4619 2663
4621 3486
4622 3390
4628 3483
4631 3421
4635 3348
4644 3568
4650 3370
4652 3613
4657 3521
4660 3482
4663 3347
4670 3447
4674 3492
4675 3446
4678 3301
4681 3497
4683 3174
4690 3435
4691 3428
4700 3059
4705 3562
4706 2118
4708 3477
4712 3440
4717 3491
4722 3532
4725 3417
4732 3750
4733 3485
4740 3577
4742 3515
4744 3354
4745 2842
4751 3517
4761 3528
4763 3524
4765 3625
4768 3580
4771 3663
4772 3595
4773 3551
4775 3686
4778 3583
4779 2988
4782 2897
4786 3574
4789 3540
4801 3609
4803 3457
4805 2053
4807 3634
4809 3494
4810 3415
4814 3645
4815 2722
4818 3594
4821 3623
4832 3557
4836 3514
4839 3603
4845 3637
4847 3505
4850 3555
4856 3474
4865 3669
4871 3617
4876 3527
4878 3662
4882 3490
4888 3675
4889 3612
4892 3473
4897 3427
4903 3717
4907 3655
4914 3389
4921 3576
4926 3633
4928 3591
4932 3726
4935 3631
4939 3616
4941 3567
4945 3462
4948 3692
4953 3753
4956 3680
4959 3654
4967 3588
4969 3531
4972 3661
4977 3642
4979 3582
4992 3223
5000 3742
